4369
4362
4365
4363
4333
4318
4
4
4304
4293
4278
4275
4274
4273
4266
4263
4213
4229
4206
4235
4234
4228
4224
4222
4223
4219
4216
4205
4211
4164
4096
4166
4101
4105
4094
4083
4079
4077
4067
4071
4051
4050
4049
4045
4036
4017
3990
4031
4027
3975
4002
4030
4029
4028
4000
4004
3939
3995
3993
3994
3984
3974
3978
3969
3968
3965
3951
3963
3957
3944
3948
3932
3936
3927
3925
3912
3916
3923
3921
3920
3915
3909
3899
3897
3893
3887
3884
4
3888
3877
3872
3861
3870
3865
3793
3854
3855
3843
3860
3836
3849
3840
3845
3841
3837
3835
3831
3828
3827
3820
2208
2228
2200
2150
2045
2143
2140
2112
2051
1910
1669
1650
1642
1613
1603
1602
1601
1596
